50.00000000000132
50.00000059992779
50.00000000000132
50.00000000000132
50.001792380716665
50.00008147183527
50.002362683656656
50.00000000000132
49.99999999999109
50.00000000000132
50.00005999420879
50.00005999413715
50.00011998828322
50.00011998819624
50.000719928705195
50.00071992164922
50.001319855122674
50.001319847079166
50.00731910128145
50.007318395735425
50.0133169444582
50.01331614146914
50.0732494363221
50.073249932558014
50.133103923581956
50.13310276397723
50.19287463731298
50.19287411805689
50.78610636308782
50.78615570131424
51.371338420743584
51.37146650097173
51.94880590648054
51.94896173397303
54.903694036747694
54.90301109537208
57.66137421833593
57.65858105784928
60.23587732793506
60.23210103709854
62.64000939037778
62.63693471345937
68.42921014240764
68.45082576278097
73.22308338198908
73.28124769559733
77.22651468827962
77.28315357564388
80.5740267074212
80.59586092420045
83.34382863447723
83.34135057234103
88.04509712860391
88.02403207091986
90.99905964440934
91.07143106265214
92.8814016118521
93.0429684335691
94.15338537893449
94.30317258738295
95.02482229898192
95.10677782672413
96.01269661957964
95.76553504768441
96.4123039623467
96.12509564993583
96.54587402214173
96.33420328844413
96.55517390681109
96.45381461403245
96.4114300833203
96.58031328186287
96.55358200702793
96.44847073590262
96.59283571114162
96.498098443856
96.57870595845158
96.54582427806645
96.5752757681615
96.5629450956659
96.57112239739806
96.5643712499514
96.55144764130634
96.56238662100117
96.55144764130634
96.55144764130634
96.54965440846597
96.55152911314029
96.55381032496166
96.55146309921655
96.55144764128586
96.55144764130634
96.54648210166062
96.52601203104481
96.52697210352213
96.38453329778935
96.38440245839476
96.2418324996476
96.24131534561938
95.60239983587438
95.6025634288452
94.95385561403012
94.95373103213139
94.29480361435287
94.29470910627046
90.79086385022158
90.78928556750746
87.01920574471812
87.0205278728295
82.98855664313575
82.9949853389114
73.74211493522428
73.95427418157793
73.98457450628163
64.08867147646306
64.96788696682275
64.08867147646306
64.08867147646306
64.0883512773868
64.08875294829703
64.08890774485522
64.10276967559354
64.08867147639144
64.08867147646306
64.9850469557452
68.0984501324134
68.33299763521799
68.34725987023886
62.62292837775216
63.03597845396794
63.78612582812405
64.02569788454922
64.03389488405301
59.90208764044519
60.191832323487596
56.88025555530333
57.1235901816519
54.742559783509975
54.48595150802566
54.51792001070598
54.510007772705656
53.935848365973584
53.1567182468709
53.935848365973584
53.935848365973584
53.93581280687331
53.93592983774612
53.93587199284707
53.93761195801121
53.935848365953106
53.935848365973584
53.19014678825143
52.87798456953427
52.662866268202215
52.40045977945864
52.45663282484613
51.872915964275634
52.3576036196805
51.8747028130885
52.28465233653002
52.07683396931147
52.24089095198707
52.22961842198156
52.23203428452762
52.53082826625169
52.2103981092023
